937
943
948
956
996
1001
1011
1012
1019
1047
1063
1075
1083
1115
1124
1125
1131
1146
1153
1166
1228
1249
1263
1276
1277
1301
1355
1374
1394
1419
1447
1456
1461
1471
1489
1507
1516
1524
1530
1546
1556
1578
1581
1589
1604
1610
1618
1627
1628
1637
1640
1644
1649
1651
1657
1661
1664
1666
1668
1681
1683
1684
1685
1692
1704
1705
1733
1734
1739
1744
1750
1751
1764
1774
1782
1787
1790
1797
1801
1810
1826
1831
1832
1835
1841
1846
1849
1855
1857
1859
1865
1870
1891
1893
1896
1909
1911
1941
1948
1975
2070
2072
2073
2077
2082
2090
2091
2092
2101
2105
2107
2178
2196
2200
2229
2232
2246
2248
2251
2257
2270
2273
2275
2279
2284
2288
2292
2295
2301
2305
2310
2312
2328
2331
2341
2359
2361
2363
2374
2375
2388
2394
2399
2412
2415
2430
2437
2439
2455
2457
2462
2464
2466
2469
2473
2474
2475
2484
2485
2487
2490
2495
2497
2500
2502
2509
2521
2525
2528
2535
2547
2549
2557
2568
2588
2600
2610
2616
2623
2629
2630
2649
2672
2713
2733
2737
2742
2753
2758
2782
2788
2822
2835
2847
2848
2861
2905
2915
2942
2946
2950
2953
2957
2966
2994
3001
3002
3009
4183
4185
4231
4252
4292
4311
4352
4389
4403
4435
4470
4499
4505
4562
4596
4653
4691
4707
4713
4734
4735
4740
4787
4791
4828
4846
4861
4879
4900
4950
5015
5034
5042
5064
5070
5170
5197
5282
5306
5327
5341
5393
5396
5402
5426
5465
5496
5507
5513
5548
5572
5578
5590
5599
5616
5657
5661
5681
5700
5702
5732
5750
5760
5771
5779
5834
5839
5859
5861
5874
5898
5905
5917
5980
5981
5992
6011
6012
6049
6052
6063
6129
6136
6141
6172
6179
6182
6211
6242
6266
6301
6306
6309
6397
6447
6448
6453
6469
6472
6492
6536
6599
6653
6665
6679
6682
6721
6736
6742
6743
6745
6749
6762
6763
6772
6783
6804
6810
6827
6859
6925
6944
7014
7082
7090
7096
7110
7119
7169
7209
7215
7216
7227
7255
7272
7330
7350
7402
7412
7414
7418
7420
7460
7464
7472
7496
7508
7514
7562
7564
7619
7623
7636
7679
7725
7802
7840
7874
7897
7914
7938
7945
7956
7990
7991
7994
8032
8035
8037
8040
8048
8052
8070
8080
8088
8098
8116
8130
8134
8164
8207
8215
8254
8307
8345
8350
8355
8377
8379
8386
8387
8391
8399
8400
8407
8408
8419
8420
8428
8439
8444
8451
8460
8472
8516
8543
8573
8575
8577
8615
8616
8620
8632
8653
8666
8667
8695
8708
8720
8726
8783
8799
8813
8825
8826
8894
8906
8932
8933
8937
8939
8954
8963
8967
8980
8989
9020
9021
9035
9037
9067
9069
9086
9089
9098
9114
9115
9122
9129
9131
9140
9178
9193
9194
9232
9256
9262
9268
9269
9270
9288
9299
9315
9324
9325
9341
9343
9353
9388
9392
9396
9409
9438
9439
9449
9484
9487
9491
9493
9501
9502
9504
9509
9520
9527
9534
9547
9553
9577
9593
9610
9615
9625
9628
9633
9636
9657
9674
9682
9684
9688
9715
9729
9738
9740
9744
9763
9784
9805
9824
9825
9827
9828
9836
9837
9846
9847
9864
9865
9882
9886
9888
9892
9896
9898
9906
9913
9919
9929
9930
9939
9946
9958
9968
9976
9977
9985
9990
10013
10024
10061
10083
10100
10121
10127
10140
10148
10159
10166
10167
10174
10197
10205
10217
10218
10221
10250
10261
10283
10296
10304
10307
10315
10321
10328
10360
10376
10391
4
5
15
18
19
20
35
46
51
52
53
63
65
80
95
97
99
100
107
112
113
114
121
122
129
135
141
145
147
155
156
160
162
166
175
178
184
197
201
209
214
215
216
218
219
229
234
240
242
249
250
251
256
259
260
264
267
268
269
271
276
284
285
289
291
293
296
3644
3647
3650
3654
3655
3662
3667
3668
3669
3670
3671
3673
3677
3678
3681
3687
3688
3689
3696
3698
3704
3709
3719
3720
3722
3723
3724
3729
3737
3741
3754
3760
3763
3771
3774
3778
3780
3784
3785
3792
3794
3798
3803
3810
3817
3825
3826
3828
3833
3840
3841
3843
3845
3860
3874
3876
3877
3887
3888
3889
3894
3906
3920
3921
3922
3925
3936
4129
4133
4918
5038
5046
5050
5055
5057
5062
5069
5072
5079
5084
5088
5092
5093
5110
5111
5135
5149
5444
5447
5612
5701
5756
5858
5974
6019
6059
6092
6185
6313
6354
6383
6442
6494
6497
6498
6508
6516
6517
6521
6531
6537
6538
6544
6547
6551
6552
6555
6556
6557
6558
6561
6562
6564
6570
6572
6583
6597
6603
6606
6607
6659
6660
6716
6754
6795
6820
6837
6860
6872
6883
6887
6889
6895
6931
6976
6991
7052
7065
7070
7109
7138
7141
7148
7192
7193
7212
7221
7232
7244
7246
7256
7259
7269
7281
7291
7375
7395
7397
7433
7458
7489
7504
7575
7593
7607
7632
7642
7650
7674
7684
7686
7716
7758
7778
7796
7814
7836
7842
7846
7853
7860
7865
7870
7895
7924
7925
7927
7933
7947
7955
7970
8002
8007
8030
8054
8059
8114
8129
8139
8142
8143
8180
8184
8214
8223
8231
8250
8259
8261
8262
8281
8291
8346
8347
8384
8389
8397
8413
8426
8455
8462
8466
8467
8476
8512
8522
8527
8540
8565
8589
8608
8619
8644
8662
8673
8674
8675
8697
8717
8718
8747
8755
8781
8784
8804
8848
8858
8865
8878
8884
8900
8922
8929
8934
8936
8940
8968
8969
8981
8983
8992
8995
9007
9018
9061
9064
9066
9075
9102
9136
9192
9206
9208
9212
9215
9217
9231
9234
9235
9266
9279
9286
9306
9317
9345
9348
9373
9381
9393
9395
9398
9418
9454
9475
9480
9503
9506
9516
9548
9568
9573
9592
9595
9608
9618
9630
9631
9644
9671
9697
9728
9742
9750
9761
9774
9806
9851
9852
9856
9858
9863
9867
9885
9889
9891
9897
9918
9922
9962
10000
10023
10040
10054
10055
10099
10102
10126
10160
10212
10216
10225
10228
10232
10234
10237
10241
10245
10252
10271
10279
10280
10287
10288
10298
10340
10345
10353
10366
10369
10372
10386
10406
10410
