3501
3512
3522
3536
3541
3542
3549
3552
3567
3570
3573
3577
3579
3597
3602
3603
3606
3613
3624
3626
3627
3629
3634
3637
3642
5527
6169
6208
6238
6737
7141
7231
7572
8051
8231
8726
8848
684
7135
584
4055
602
547
729
8093
528
6042
738
749
3851
620
377
4201
496
6714
4966
892
535
459
433
502
6466
440
913
8044
8076
4990
944
5983
8349
8827
918
400
678
3894
418
4840
5254
675
6147
560
379
4746
1108
264
248
7614
6023
333
8756
8994
8944
6489
6955
5125
312
6420
3968
350
1092
1141
847
5135
8762
5824
7451
8021
8189
2905
410
4326
428
295
901
372
506
4047
8714
304
4372
1167
6337
1056
276
583
7661
8695
8500
424
7600
220
4005
215
6868
8874
6125
3730
7923
920
1128
6761
740
6497
240
8566
4457
7246
6810
1175
1040
6750
1189
288
4612
601
1177
5815
1911
384
450
3876
3777
5212
113
7194
7730
5801
4661
7948
5990
8459
7944
5733
7054
3679
6800
230
6648
7283
887
445
185
398
8056
6192
5831
8898
5357
1208
7519
1207
152
6607
5575
6959
8932
8117
6450
4566
579
4863
447
263
4812
148
4330
7623
8424
7299
4346
4672
7979
7666
1020
4853
4322
4227
452
5793
4733
1216
2676
241
1222
108
6835
1263
8956
1181
416
274
1243
824
5052
5664
465
158
8669
238
6427
5508
6718
7375
8105
5183
1095
689
1244
5190
6678
4751
5696
5639
8273
5828
5399
6525
5737
592
7240
7416
7536
1124
4104
139
86
785
7359
160
1286
8342
4479
434
1281
364
229
8161
4937
8858
4299
4803
6002
8576
3658
7804
5796
5638
153
8237
4437
1280
149
6934
74
5316
3857
5713
6809
7650
1251
454
290
5760
4763
443
6257
5412
4635
5347
6358
193
4145
6723
5770
5448
546
4910
8188
1176
187
4000
357
386
6987
7740
7426
115
8772
4850
6704
8420
6228
80
6523
3731
5211
8955
4100
8849
231
6748
770
1288
1299
150
101
6167
87
8171
8707
8602
365
6177
4984
7067
242
6590
7202
7561
7338
353
6575
166
904
8850
8464
1217
3814
643
8590
3832
7032
5906
85
6597
8046
8966
8285
1290
8859
7585
5285
3916
8158
5436
5666
8174
5387
8016
1334
6993
4561
1023
6906
1313
7048
6687
6900
7367
8717
5874
4243
3795
7657
8961
8147
423
412
7813
396
1317
131
6193
4507
8018
5692
8582
323
8751
8855
1250
4356
7186
1292
6098
8264
164
704
5091
95
7296
7774
6766
8145
403
7852
513
8388
5541
6029
1033
3905
7402
3191
8862
5117
6328
4256
6268
116
7317
7638
217
6872
40
869
6845
6541
1273
7637
1325
319
4752
6738
7420
477
458
5823
91
4715
5192
126
629
103
163
8001
3957
7936
1333
1346
8560
5707
7177
7679
7423
1326
104
183
303
6693
362
1160
7154
1150
1338
7725
7157
4485
5515
5242
4038
4387
8410
5142
6916
342
7315
4768
6880
5310
8815
1321
6605
4155
4662
5790
518
6943
6398
6954
7766
30
8692
7301
8935
5960
8439
1048
1315
234
912
6480
6088
4698
6917
6673
119
4791
5476
7834
7489
61
6315
8450
5258
1331
8437
7466
8130
205
8549
6622
807
1371
6991
8317
6621
755
5912
8412
5832
1383
1097
1364
4654
271
5820
8959
299
7840
130
8149
8357
6758
966
4900
1211
5563
8519
5266
4120
1235
270
5247
1357
6351
1234
500
8840
7693
6555
5637
5143
1015
1009
626
177
8657
266
383
1060
8768
8894
927
4433
7667
4423
173
1102
8135
5456
7127
51
1300
257
481
8095
7105
4171
8752
6865
1360
5884
1151
124
8456
444
4995
6066
8124
6394
6278
7608
6945
8710
6805
1309
490
1407
8026
460
8508
27
5292
6726
5255
7672
1408
7108
1142
7833
8879
4496
111
985
6412
7642
1143
6831
7549
5993
8769
8913
8902
5388
6545
132
6103
4851
874
1380
12
8686
6176
6659
550
7664
8121
6671
7062
237
1397
8504
6331
4542
969
6132
4205
6418
135
9025
7816
3873
7208
56
23
206
5398
6989
4477
7675
510
8914
6339
8141
36
7043
83
8013
9015
1393
88
5172
8254
7471
7551
64
8321
574
5006
5067
8490
8569
7699
6052
5592
8608
5331
8676
8982
6090
739
6613
112
5675
6319
6381
5055
1396
6116
6624
8077
1178
4961
331
142
59
6478
1354
6485
8610
1404
8110
660
9031
1452
1257
953
210
8907
5706
5457
3676
8607
7250
99
8025
1379
7160
6165
1419
6767
6982
5288
26
8673
1226
8947
6380
1231
5780
5705
5688
6462
5816
960
8271
848
7682
8933
54
4547
6203
8523
8540
641
17
4638
15
5604
8945
5654
5042
1170
277
5681
5613
8
6297
1373
8525
5614
867
5095
8923
907
8732
5573
6139
14
484
7290
5232
7508
9018
4958
6638
7842
6546
4682
7340
6409
8232
5250
9
8880
4286
5020
5740
965
107
1434
1329
1049
7591
1187
8334
876
7328
7891
8081
849
7050
4431
7095
4441
89
430
4443
7363
5098
6377
7587
105
18
1240
6010
5897
556
34
5771
38
1348
6039
8844
5481
8800
8761
4163
996
938
178
1395
53
21
7446
4045
7234
7455
1440
8403
4645
6770
5419
7233
1427
7792
7
5766
13
8721
5406
5087
19
6453
8085
8731
7710
7077
7788
8670
8798
863
8427
8493
1261
1454
7156
673
7421
6036
16
1476
7697
5500
8749
1438
5673
8792
8256
1343
7982
5694
8986
5805
67
1448
6664
8103
4917
165
8416
5023
7899
6592
7578
11
8245
8545
1441
3656
1105
9039
6966
267
28
55
4
7385
1201
1387
649
8486
4035
6260
8261
29
8346
4135
1477
1279
8802
8548
5755
5914
4907
7219
7123
5374
495
696
6224
6586
8469
6658
6657
1262
1392
7684
7040
6925
8380
7987
6
10
6554
9036
898
971
97
1432
39
7935
6263
4416
8592
957
9035
212
7244
8471
1237
8789
7922
4109
31
9054
8912
8082
8990
6445
8221
4655
7839
1
49
7692
5727
6087
4262
1061
0
8047
118
8871
5512
4688
5305
8900
7061
4085
7457
6807
8101
3
65
724
1465
1350
6474
3979
894
4430
5560
7554
5
2
8335
8581
1507
9021
4974
8682
7942
4673
22
140
731
1470
4903
625
1421
1486
5879
7022
8627
1342
5668
6697
4992
1482
8662
6259
599
1011
7576
3998
520
557
1530
8322
1497
8506
6854
5858
6899
3846
4857
1259
45
4755
8514
979
4559
6855
6669
4080
5475
24
1366
7703
6428
3847
777
4866
5834
5864
8699
1016
8310
5479
6314
4859
7326
7358
8808
1489
255
8936
6321
561
8266
5913
6905
5351
1139
1416
945
5915
7430
8680
8387
7901
4401
7262
7369
186
1050
8926
5640
8246
4272
1305
1567
7267
20
555
5963
1535
8290
8952
6476
531
7618
5306
1045
7718
3907
7264
5126
6256
1480
69
437
1540
7289
9016
8927
1495
8258
5965
880
1563
8358
6070
7487
90
1347
8771
783
7408
6976
8382
5869
647
7586
7008
5980
3716
1554
8758
1518
8423
5619
1223
7754
7251
7837
1493
8166
209
4551
1522
3912
8528
1558
5791
7653
4130
7820
4197
1104
1492
1586
8864
8365
1154
8552
129
7405
4204
4292
1090
8407
1579
8704
8375
7753
838
3926
5260
5606
8553
609
1542
6882
4741
4149
3960
8364
1422
7643
32
5238
8212
8402
1544
4051
4726
5298
6530
1089
7805
524
1598
6974
617
7954
448
1100
8562
8537
3736
6833
1316
7872
6601
202
1129
4799
4902
1433
1589
8520
1039
7115
378
5871
5022
8908
114
990
1152
1132
1209
1035
7214
8303
1634
3745
782
1206
1613
8240
25
7316
1629
6289
8860
7556
8413
5888
4517
8140
8291
7163
571
1272
1600
1571
8119
8925
4790
7116
7210
408
5996
170
1581
4396
7462
7644
8438
7989
937
8204
6283
6614
4881
1569
3970
5822
4884
8578
33
1099
6986
7972
931
8223
134
7006
1570
52
456
7824
607
1276
3783
4001
8131
779
4610
281
877
6992
347
7350
5184
6533
7977
1358
1063
4172
6469
8625
1632
8601
644
5662
4024
590
6923
1622
151
1616
1340
8832
7087
66
4678
7635
405
8090
5075
8338
6950
6076
4392
1624
1534
6985
9071
1681
6786
1295
1648
551
4950
409
7094
5926
4841
6864
4633
1670
8747
1625
159
5998
6551
8630
8816
8595
1695
7090
4046
8558
4132
5294
1607
6310
8681
4388
5580
6773
1646
6162
5693
497
7178
1704
172
1239
6837
1653
672
8483
5490
1731
1724
6432
1162
6609
6699
300
6578
6677
804
1186
8841
987
7112
6552
8350
44
5576
79
4545
4835
1144
8796
5072
6051
1327
8615
1435
8701
1667
8259
598
4503
7491
8164
8535
1727
1140
480
8739
8551
4669
1606
1736
8698
7404
6127
4991
5861
4136
526
3971
7524
5631
1761
6937
1749
4425
1687
1582
564
8107
6121
6470
889
1053
8036
3932
6656
537
344
8943
8579
7078
1641
5207
4870
1079
76
7736
6120
891
4695
1106
1312
7070
6706
5079
110
1721
6777
4007
6752
7996
4520
268
7943
525
8624
7814
8088
483
8482
7312
7525
387
5837
190
5322
5718
8129
940
543
6128
5003
1147
6517
1702
9052
223
8973
1751
8531
8316
1701
8297
4015
8468
1758
7443
8916
7914
8801
4786
6415
9019
1700
9050
1018
4069
6009
1733
7777
6960
5601
7425
1737
9005
8757
1696
902
4111
225
1775
7913
6370
7862
559
4309
1265
5454
8734
6981
9003
893
243
1766
8906
250
679
8634
8418
1091
959
7261
8127
566
1055
1713
7039
1643
8737
1777
529
8813
750
6345
1184
670
580
6637
5842
771
1771
7257
815
7041
260
176
8035
4676
8647
5275
5166
6106
232
6543
7984
7204
6034
144
8623
9044
7790
6298
1720
5082
7853
4014
862
8524
840
337
4699
5431
3945
8206
8937
792
259
842
8587
1703
540
805
1772
6961
4481
8202
488
7058
1030
9042
946
6858
7655
1753
324
8465
1683
7060
174
6185
8640
662
730
1754
8668
8597
8120
5819
7516
6014
1686
6672
8826
9062
511
491
1453
736
252
765
1173
8249
8940
7715
7721
1328
2551
588
8225
997
7511
4023
1716
