68
70
81
82
107
108
112
124
127
139
147
159
165
168
172
173
186
188
199
201
220
224
226
228
231
245
247
251
273
274
295
313
318
320
345
348
355
368
372
381
396
400
405
418
426
433
447
450
464
474
500
505
514
524
533
542
543
544
548
553
554
575
576
598
603
605
614
637
642
647
655
659
660
668
669
683
698
704
720
725
731
736
739
747
756
763
771
772
777
787
802
804
816
836
844
854
855
856
871
875
887
891
892
907
912
922
924
929
936
942
943
944
947
975
978
980
993
999
1010
1021
1026
1035
1037
1038
1042
1063
1065
1066
1069
1081
1093
1101
1102
1104
1107
1108
1110
1113
1118
1119
1120
1127
1133
1139
1143
1148
1175
1188
1189
1190
1196
1204
1216
1222
1233
1237
1241
1258
1267
1269
1276
1278
1279
1281
1286
1287
1289
1290
1303
1323
1328
1335
1346
1354
1355
1363
1368
1374
1380
1390
1395
1402
1425
1426
1428
1432
1437
1439
1462
1463
1468
1472
1473
1477
1480
1485
1489
1502
1508
1510
1515
1519
1530
1536
1539
1550
1552
1554
1561
1568
1569
1572
1577
1581
1584
1585
1587
1591
1594
1597
1607
1617
1618
1621
1627
1629
1639
1641
1643
1651
1652
1653
1656
1664
1665
1672
1676
1679
1686
1691
1693
1694
1702
1703
1709
1713
1717
1721
1723
1729
1731
1741
1750
1751
1753
1756
1758
1761
1767
1770
1772
1773
1774
1775
1777
1778
1780
1787
1790
1791
1794
1802
1804
1805
1807
1818
1821
1823
1832
1839
1845
1850
1925
1929
1932
1943
1949
1959
1964
1976
2001
2017
2023
2024
2025
2030
2079
2080
2081
2082
2138
2139
2140
2142
2143
2144
2145
2146
2149
2153
2161
2166
2171
2189
2204
2205
2206
2207
2208
2210
2215
2217
2218
2228
2235
2246
2255
2256
2257
2258
2259
2264
2282
2305
2311
2315
2321
2325
2344
2363
2366
2367
2379
2380
2382
2393
2423
2446
2467
2472
2478
2490
2514
2524
2532
2548
2561
2593
2609
2627
2630
2640
2644
2651
2664
2667
2673
2707
2713
2732
2733
2752
2755
2758
2763
2764
2788
2798
2804
2805
2807
2829
2830
2833
2847
2855
2864
2865
2867
2873
2877
2895
2939
2954
2976
2978
2988
2992
3003
3012
3022
3039
3063
3065
3082
3092
3113
3114
3136
3147
3211
3233
3245
3257
3273
3287
3292
3306
3319
3325
3329
3330
3331
3340
3347
3355
3367
3374
3380
3383
3389
3402
3411
3424
3427
3448
3461
3482
3498
3501
3510
3515
3537
3557
3559
3569
3590
3598
3599
3601
3605
3612
3619
3623
3626
3634
3641
3657
3682
3683
3691
3692
3695
3708
3714
3716
3729
3768
3776
3777
3778
3787
3788
3854
3855
3868
3876
3879
3915
3952
3957
3958
3959
3960
3971
3986
3989
3991
3999
4000
4018
4029
4093
4109
4120
4126
4128
4133
4153
4158
4163
4170
4198
4203
4215
4224
4240
4241
4242
4243
4248
4255
4262
4281
4301
4302
4330
4339
4343
4345
4359
4372
4399
4403
4425
4444
4448
4463
4469
4521
4526
4530
4557
4564
4565
4577
4587
4597
4600
4607
4608
4615
4619
4629
4630
4633
4645
4661
4670
4674
4676
4683
4699
4707
4708
4723
4737
4743
4749
4772
4779
4799
4802
4808
4818
4872
4890
4898
4901
4911
4914
4918
4930
4937
4943
4959
4960
4976
4991
4992
5010
5012
5028
5029
5033
5037
5040
5050
5062
5066
5079
5090
5098
5105
5121
5128
5132
5133
5135
5143
5144
5146
5149
5150
5151
5164
5170
5175
5198
5211
5220
5226
5231
5233
5242
5261
5270
5272
5273
5275
5280
5285
5293
5306
5314
5315
5324
5330
5331
5334
5352
5355
5357
5361
5370
5376
5383
5407
5408
5419
5441
5442
5443
5446
5449
5451
5452
5454
5471
5472
5473
5477
5478
5485
5486
5488
5502
5503
5510
5514
5523
5539
5550
5551
5560
5580
5583
5588
5594
5595
5597
5607
5614
5630
5642
5645
5650
5659
5661
5666
5669
5683
5687
5689
5693
5697
5698
5701
5703
5705
5716
5720
5724
5726
5733
5735
5740
5741
5770
5772
5778
5780
5787
5788
5806
5809
5812
5826
5830
5839
5843
5850
5854
5856
5857
5859
5863
5868
5881
5886
5889
5892
5894
5906
5909
5914
5919
5922
5932
5935
5938
5959
5977
5979
5980
5990
5994
5997
6001
6009
6020
6022
6025
6031
6039
6043
6047
6056
6059
6067
6079
6080
6084
6096
6103
6110
6115
6118
6123
6126
6132
6136
6138
6140
6141
6143
6146
6147
6148
6149
6152
6155
6156
6157
6160
6161
6165
6170
6171
6174
6176
6177
6181
6183
6184
6189
6197
6202
6205
6206
6207
6208
6209
6214
6218
6219
6227
6233
6234
6235
6243
6245
6246
6247
6250
6251
6256
6257
6258
6263
6264
6266
6269
6270
6272
6273
6274
6279
6280
6281
6284
6286
6289
6290
6294
6297
6302
6304
6305
6307
6309
6310
6313
6314
6316
6320
6324
6326
6327
6330
6331
6332
6334
6337
6349
6353
6359
6364
6366
6369
6370
6375
6377
6378
6379
6387
6391
6394
6402
6404
6412
6413
6418
6427
6429
6430
6431
6437
6440
6443
6448
6451
6452
6458
6460
6464
6465
6467
6477
6479
6483
6489
6499
6543
6547
6550
6553
6560
6563
6565
6571
6583
6585
