210
225
226
232
236
237
238
246
248
249
251
262
263
264
266
267
272
275
276
279
280
282
283
291
292
293
294
296
297
298
304
306
308
309
311
314
317
318
319
320
321
322
323
325
327
328
330
332
339
340
342
344
346
349
351
353
354
356
359
524
541
567
616
623
632
642
649
654
657
663
666
685
697
740
746
748
754
755
760
773
776
783
788
797
798
800
803
810
812
813
814
817
818
820
824
837
841
842
855
865
867
870
871
873
888
892
901
908
922
925
926
927
929
930
932
941
951
956
971
974
975
976
977
978
979
980
991
996
1011
1012
1017
1020
1021
1023
1026
1035
1040
1063
1067
1070
1074
1081
1082
1085
